0,16
0,16
0,15
0,11
0,11
0,15
0,11
0,17
0,19
0,20
0,21
0,12
0,21
0,21
0,19
0,15
0,22
0,24
0,28
0,27
0,25
0,23
0,21
0,16
0,27
0,27
0,23
0,23
0,29
0,16
0,16
0,21
0,21
0,16
0,14
0,15
0,19
0,13
0,25
0,14
0,14
0,15
0,15
0,15
0,13
0,20
0,22
0,16
0,17
0,15
0,20
0,21
0,18
0,10
0,34
0,15
0,29
0,11
0,13
0,16
0,16
0,28
0,27
0,25
0,23
0,21
0,25
0,25
0,12
0,16
0,11
0,12
0,16
0,12
0,16
0,10
0,11
0,15
0,26
0,18
0,16
0,18
0,11
0,20
0,20
0,20
0,18
0,24
0,16
0,16
1,15
1,23
0,16
0,16
0,18
0,19
0,16
0,16
0,16
0,16
0,16
0,16
0,16
2,37
2,37
2,37
2,37
2,37
0,16
0,16
0,16
0,14
0,19
0,15
0,10
0,28
0,16
0,16
0,19
0,18
0,25
0,24
0,29
0,27
0,25
0,22
0,24
0,23
0,20
0,25
0,23
0,24
0,18
0,16
0,19
0,15
0,15
0,34
3,4
3,4
3,32
0,16
0,16
3,32
3,32
3,4
3,4
3,32
3,32
3,32
3,4
3,4
3,32
3,32
3,32
0,10
0,10
0,20
0,28
0,22
0,24
0,24
0,24
0,29
0,18
0,16
0,21
0,19
0,28
0,27
0,27
0,16
0,16
0,16
3,4
3,4
3,32
0,16
0,16
3,32
3,32
0,16
0,26
0,18
0,16
0,16
0,16
0,23
0,19
None
